kinematics:
  shoulder:
    x: 0
    y: 0
    z: 0.1626467941194478
    roll: -0
    pitch: 0
    yaw: -5.3425427400885663e-08
  upper_arm:
    x: 0.00014113009614589303
    y: 0
    z: 0
    roll: 1.5705606574667532
    pitch: 0
    yaw: 9.8185569073157154e-06
  forearm:
    x: -0.42536345365374589
    y: 0
    z: 0
    roll: 3.1387183830753647
    pitch: 3.1398510359054912
    yaw: -3.1415906044503061
  wrist_1:
    x: -0.39242929620321698
    y: 0.0001760735612419152
    z: 0.13425413088743335
    roll: 3.1402811597897271
    pitch: -3.1411472071598028
    yaw: -3.1415917832533129
  wrist_2:
    x: 9.2005843919339356e-05
    y: -0.099822912991343118
    z: 3.1495550470676633e-05
    roll: 1.5704808125659311
    pitch: 0
    yaw: 7.061291789244405e-07
  wrist_3:
    x: 2.2416435057051833e-05
    y: 0.099552507696900813
    z: -6.8345692344270358e-05
    roll: 1.570109797814484
    pitch: 3.1415926535897931
    yaw: -3.1415924374774669
  hash: calib_7179702714352281381